[gd_resource type="Skin" format=3 uid="uid://d4gwvweporqb6"]

[resource]
resource_name = "Skin"
bind_count = 30
bind/0/name = &"bottom_spine"
bind/0/bone = -1
bind/0/pose = Transform3D(1, 0, -2.3841855e-07, -2.842171e-14, 1.0000001, -1.192093e-07, 2.3841856e-07, 0, 1.0000001, 0, -0.93126315, 0)
bind/1/name = &"top_spine"
bind/1/bone = -1
bind/1/pose = Transform3D(1, 1.3340044e-15, 1.4148104e-14, -2.9630212e-14, 0.9955843, -0.09387233, 1.1480096e-14, 0.09387221, 0.9955843, -1.5380455e-15, -1.1478628, -0.10823033)
bind/2/name = &"neck"
bind/2/bone = -1
bind/2/pose = Transform3D(1, 0, 0, -2.524412e-14, 0.9980069, 0.06310505, 3.0011814e-14, -0.063105166, 0.99800694, 0, -1.5125686, 0.13010766)
bind/3/name = &"head"
bind/3/bone = -1
bind/3/pose = Transform3D(1, 0, 0, -2.7087704e-14, 1, -1.192093e-07, 2.835896e-14, -7.4505815e-09, 1.0000001, 0, -1.6701251, 0.02476351)
bind/4/name = &"shoulder.l"
bind/4/bone = -1
bind/4/pose = Transform3D(-0.18366665, -0.9785121, 0.093705885, 0.9821146, -0.17864901, 0.05945835, -0.041440245, 0.10295033, 0.99382293, 1.4883739, 0.2731923, -0.12206935)
bind/5/name = &"bicep.l"
bind/5/bone = -1
bind/5/pose = Transform3D(-1.34445495e-08, -0.99558437, 0.09387203, 1.0000001, -9.6138116e-08, 1.280652e-08, 1.267663e-09, 0.093871914, 0.9955844, 1.4787983, -0.19002393, -0.11643859)
bind/6/name = &"elbow.l"
bind/6/bone = -1
bind/6/pose = Transform3D(-0.003238242, -0.99558437, 0.09381614, 0.99940485, -8.731151e-08, 0.034496367, -0.034344025, 0.093871884, 0.99499184, 1.4801904, -0.42925417, -0.101673864)
bind/7/name = &"forearm.l"
bind/7/bone = -1
bind/7/pose = Transform3D(-0.0020689822, -0.99558437, 0.09384922, 0.9997571, -8.5448875e-08, 0.022040471, -0.021943133, 0.09387191, 0.9953426, 1.4795486, -0.5489715, -0.10848183)
bind/8/name = &"wrist.l"
bind/8/bone = -1
bind/8/pose = Transform3D(-0.09636858, -0.9909094, 0.093872145, 0.9953044, -0.096796095, 1.9557783e-08, 0.009086438, 0.093431205, 0.9955844, 1.5367739, -0.5336109, -0.12893605)
bind/9/name = &"palm.l"
bind/9/bone = -1
bind/9/pose = Transform3D(0.004354913, -0.99558455, 0.09377096, 0.9989235, -7.962812e-08, -0.046392016, 0.04618717, 0.093871884, 0.9945125, 1.4655198, -0.77572244, -0.15838613)
bind/10/name = &"finger.l"
bind/10/bone = -1
bind/10/pose = Transform3D(-0.26875886, -0.9586225, 0.09387207, 0.9628743, -0.26995096, 4.0978215e-08, 0.025340803, 0.09038685, 0.99558437, 1.6398946, -0.40894237, -0.13576142)
bind/11/name = &"thumb.l"
bind/11/bone = -1
bind/11/pose = Transform3D(-0.27594897, -0.89836675, 0.3417451, 0.7296408, 0.03565823, 0.6829005, -0.6256811, 0.43779674, 0.64564496, 1.5436356, -0.60777396, -0.14959799)
bind/12/name = &"shoulder.r"
bind/12/bone = -1
bind/12/pose = Transform3D(-0.18366665, 0.9785121, -0.093705885, -0.9821146, -0.17864901, 0.05945835, 0.041440245, 0.10295033, 0.99382293, -1.4883739, 0.2731923, -0.12206935)
bind/13/name = &"bicep.r"
bind/13/bone = -1
bind/13/pose = Transform3D(-1.34445495e-08, 0.99558437, -0.09387203, -1.0000001, -9.6138116e-08, 1.280652e-08, -1.267663e-09, 0.093871914, 0.9955844, -1.4787983, -0.19002393, -0.11643859)
bind/14/name = &"elbow.r"
bind/14/bone = -1
bind/14/pose = Transform3D(-0.003238242, 0.99558437, -0.09381614, -0.99940485, -8.731151e-08, 0.034496367, 0.034344025, 0.093871884, 0.99499184, -1.4801904, -0.42925417, -0.101673864)
bind/15/name = &"forearm.r"
bind/15/bone = -1
bind/15/pose = Transform3D(-0.0020689822, 0.99558437, -0.09384922, -0.9997571, -8.5448875e-08, 0.022040471, 0.021943133, 0.09387191, 0.9953426, -1.4795486, -0.5489715, -0.10848183)
bind/16/name = &"wrist.r"
bind/16/bone = -1
bind/16/pose = Transform3D(-0.09636858, 0.9909094, -0.093872145, -0.9953044, -0.096796095, 1.9557783e-08, -0.009086438, 0.093431205, 0.9955844, -1.5367739, -0.5336109, -0.12893605)
bind/17/name = &"palm.r"
bind/17/bone = -1
bind/17/pose = Transform3D(0.004354913, 0.99558455, -0.09377096, -0.9989235, -7.962812e-08, -0.046392016, -0.04618717, 0.093871884, 0.9945125, -1.4655198, -0.77572244, -0.15838613)
bind/18/name = &"finger.r"
bind/18/bone = -1
bind/18/pose = Transform3D(-0.26875886, 0.9586225, -0.09387207, -0.9628743, -0.26995096, 4.0978215e-08, -0.025340803, 0.09038685, 0.99558437, -1.6398946, -0.40894237, -0.13576142)
bind/19/name = &"thumb.r"
bind/19/bone = -1
bind/19/pose = Transform3D(-0.27594897, 0.89836675, -0.3417451, -0.7296408, 0.03565823, 0.6829005, 0.6256811, 0.43779674, 0.64564496, -1.5436356, -0.60777396, -0.14959799)
bind/20/name = &"hip.l"
bind/20/bone = -1
bind/20/pose = Transform3D(0.044585858, -3.805198e-05, 0.99900556, 0.80496264, -0.59223557, -0.035948265, 0.591648, 0.805765, -0.026374644, 3.5434965e-05, 0.5515271, -0.7503792)
bind/21/name = &"upper_leg.l"
bind/21/bone = -1
bind/21/pose = Transform3D(0.044523876, -0.0007048274, 0.999008, -0.015828433, -0.9998748, -6.041956e-08, 0.998883, -0.015812643, -0.044529457, 0.0006044148, 0.8438483, -0.108070366)
bind/22/name = &"lower_leg.l"
bind/22/bone = -1
bind/22/pose = Transform3D(0.044529587, -3.0100084e-05, 0.999008, -0.00067604147, -0.9999998, -6.049596e-08, 0.9990079, -0.0006752863, -0.04452959, 0.00027628744, 0.4854098, -0.115431435)
bind/23/name = &"ankle.l"
bind/23/bone = -1
bind/23/pose = Transform3D(0.04452956, 2.8595936e-12, 0.999008, -8.4734225e-08, -1.0000001, -6.049424e-08, 0.9990081, -5.839293e-11, -0.044529554, 0.0002705236, 0.19159898, -0.115560845)
bind/24/name = &"foot.l"
bind/24/bone = -1
bind/24/pose = Transform3D(0.044529494, 0.991519, 0.122095555, -4.656613e-09, -0.12221661, 0.99250335, 0.9990081, -0.044195592, -0.0054422445, -0.025484147, 0.007964671, -0.114412874)
bind/25/name = &"hip.r"
bind/25/bone = -1
bind/25/pose = Transform3D(0.044585858, 3.805198e-05, -0.99900556, -0.80496264, -0.59223557, -0.035948265, -0.591648, 0.805765, -0.026374644, -3.5434965e-05, 0.5515271, -0.7503792)
bind/26/name = &"upper_leg.r"
bind/26/bone = -1
bind/26/pose = Transform3D(0.044523876, 0.0007048274, -0.999008, 0.015828433, -0.9998748, -6.041956e-08, -0.998883, -0.015812643, -0.044529457, -0.0006044148, 0.8438483, -0.108070366)
bind/27/name = &"lower_leg.r"
bind/27/bone = -1
bind/27/pose = Transform3D(0.044529587, 3.0100084e-05, -0.999008, 0.00067604147, -0.9999998, -6.049596e-08, -0.9990079, -0.0006752863, -0.04452959, -0.00027628744, 0.4854098, -0.115431435)
bind/28/name = &"ankle.r"
bind/28/bone = -1
bind/28/pose = Transform3D(0.04452956, -2.8595936e-12, -0.999008, 8.4734225e-08, -1.0000001, -6.049424e-08, -0.9990081, -5.839293e-11, -0.044529554, -0.0002705236, 0.19159898, -0.115560845)
bind/29/name = &"foot.r"
bind/29/bone = -1
bind/29/pose = Transform3D(0.044529494, -0.991519, -0.122095555, 4.656613e-09, -0.12221661, 0.99250335, -0.9990081, -0.044195592, -0.0054422445, 0.025484147, 0.007964671, -0.114412874)
